0,548
0,547
0,546
40,8
0,545
0,544
40,7
0,543
0,542
0,541
0,540
40,6
40,5
0,243
40,4
40,3
40,2
40,1
40,0
39,3
39,2
39,1
39,0
38,3
38,2
38,1
38,0
25,2
25,0
0,278
0,9
36,2
36,0
25,1
25,3
36,3
0,273
0,270
3,2
3,1
3,3
10,171
10,93
10,263
10,277
10,315
10,17
10,103
10,1
10,137
10,2
10,3
11,17
11,21
11,20
11,15
11,5
11,26
11,23
11,1
11,6
11,2
11,3
9,5
9,1
9,7
9,2
9,3
8,16
8,6
8,12
8,15
8,9
8,1
8,5
8,2
8,3
12,2
12,1
12,3
20,2
20,1
20,3
19,2
19,1
19,3
18,1
18,3
14,1
14,3
13,1
13,3
2,2
2,1
36,10
36,9
36,8
36,7
36,6
36,5
36,1
2,3
36,4
0,537
0,536
0,472
0,0
37,34
37,33
37,32
